# Coordinates for A* pathfinding
start_point=10.768856,106.725019
end_point=10.839613,106.845798